//------------------------------------------------------
fRating=3.000000
fGammaAdj=1.000000
fDecay=0.960000
fVideoEchoZoom=1.000000
fVideoEchoAlpha=0.500000
nVideoEchoOrientation=1
nWaveMode=7
bAdditiveWaves=1
bWaveDots=0
bWaveThick=1
bModWaveAlphaByVolume=0
bMaximizeWaveColor=1
bTexWrap=0
bDarkenCenter=0
bRedBlueStereo=0
bBrighten=1
bDarken=1
bSolarize=0
bInvert=0
fWaveAlpha=0.400000
fWaveScale=1.000000
fWaveSmoothing=0.90000
fWaveParam=-0.00000
fModWaveAlphaStart=0.750000
fModWaveAlphaEnd=0.950000
fWarpAnimSpeed=1.000000
fWarpScale=1.000000
fZoomExponent=1.000000
fShader=0.600000
zoom=0.999900
rot=0.0100000
cx=0.000000
cy=0.000000
dx=0.000000
dy=0.100000
warp=0.000000
sx=1.000000
sy=0.900000
wave_r=0.500000
wave_g=0.500000
wave_b=0.500000
wave_x=0.500000
wave_y=1.000000
ob_size=0.000000
ob_r=0.000000
ob_g=0.000000
ob_b=0.000000
ob_a=0.000000
ib_size=0.000000
ib_r=0.000000
ib_g=0.000000
ib_b=0.000000
ib_a=0.000000
nMotionVectorsX=64.000000
nMotionVectorsY=48.000000
mv_dx=0.000000
mv_dy=0.000000
mv_l=0.000000
mv_r=0.000000
mv_g=0.700000
mv_b=1.000000
mv_a=0.000000
//------------------------------------------------------

//------------------------------------------------------
per_frame_1=wave_r = 0.500/( 0.3/sin(0.3*time+0));
per_frame_2=wave_g = 0.500/( 0.3/sin(0.3*time+4));
per_frame_3=wave_b = 0.500/( 0.3/sin(0.3*time+8));
per_frame_4=wave_a = 0.02 +((bass + mid)/6);
per_frame_5=dy = 0.059000;
//------------------------------------------------------
per_pixel_1=rot = 0.000000 +((bass + mid)/300);
//------------------------------------------------------
